# unix_time, cycles_done, cur_path, paths_total, pending_total, pending_favs, map_size, unique_crashes, unique_hangs, max_depth, execs_per_sec
1742937070, 0, 0, 1, 1, 1, 0.47%, 0, 0, 1, 75.47
1742937075, 0, 0, 20, 20, 1, 0.47%, 0, 0, 2, 94.89
1742937080, 0, 0, 30, 30, 1, 0.47%, 0, 0, 2, 100.58
1742937085, 0, 0, 35, 35, 1, 0.47%, 0, 0, 2, 106.83
1742937091, 0, 0, 37, 37, 1, 0.47%, 0, 0, 2, 104.59
1742937096, 0, 0, 42, 42, 1, 0.48%, 0, 0, 2, 102.21
1742937101, 0, 0, 45, 45, 1, 0.48%, 0, 0, 2, 103.53
1742937116, 0, 0, 50, 50, 1, 0.48%, 0, 0, 2, 114.78
1742937121, 0, 0, 55, 55, 1, 0.48%, 0, 0, 2, 116.18
1742937126, 0, 0, 57, 57, 1, 0.48%, 0, 0, 2, 115.43
1742937131, 0, 0, 58, 58, 1, 0.48%, 0, 0, 2, 117.63
1742937141, 0, 0, 63, 63, 1, 0.48%, 0, 0, 2, 98.91
1742937146, 0, 0, 65, 65, 1, 0.48%, 0, 0, 2, 97.36
1742937157, 0, 0, 67, 67, 1, 0.48%, 0, 0, 2, 96.37
1742937167, 0, 0, 68, 68, 1, 0.48%, 0, 0, 2, 105.46
1742937172, 0, 0, 69, 69, 1, 0.48%, 0, 0, 2, 102.54
1742937268, 0, 0, 70, 70, 1, 0.48%, 0, 0, 2, 105.58
1742937309, 0, 0, 71, 71, 1, 0.48%, 0, 0, 2, 103.21
1742937335, 0, 0, 72, 72, 1, 0.48%, 0, 0, 2, 114.66
1742937340, 0, 0, 73, 73, 1, 0.48%, 0, 0, 2, 114.80
1742937350, 0, 0, 74, 74, 1, 0.48%, 0, 0, 2, 112.80
1742937365, 0, 0, 75, 75, 1, 0.48%, 0, 0, 2, 114.71
1742937370, 0, 0, 76, 76, 1, 0.48%, 0, 0, 2, 113.87
1742937380, 0, 0, 77, 77, 1, 0.48%, 0, 0, 2, 113.25
1742937482, 0, 0, 95, 95, 1, 0.49%, 0, 0, 2, 104.91
1742937487, 0, 0, 137, 137, 1, 0.49%, 1, 0, 2, 104.19
1742937492, 0, 0, 156, 156, 1, 0.49%, 2, 0, 2, 106.61
1742937498, 0, 0, 170, 170, 1, 0.49%, 2, 0, 2, 104.24
1742937503, 0, 0, 172, 172, 1, 0.49%, 2, 0, 2, 108.15
1742937508, 0, 0, 178, 178, 1, 0.49%, 3, 0, 2, 105.38
1742937513, 0, 0, 179, 179, 1, 0.49%, 3, 0, 2, 103.29
1742937518, 0, 0, 182, 182, 1, 0.49%, 4, 0, 2, 104.53
1742937528, 0, 0, 184, 184, 1, 0.49%, 6, 0, 2, 101.61
1742937533, 0, 0, 187, 187, 1, 0.49%, 6, 0, 2, 105.24
1742937543, 0, 0, 188, 188, 1, 0.49%, 7, 0, 2, 103.30
1742937548, 0, 0, 190, 190, 1, 0.49%, 7, 0, 2, 102.40
1742937554, 0, 0, 191, 191, 1, 0.49%, 7, 0, 2, 103.38
1742937605, 0, 0, 194, 194, 1, 0.49%, 7, 0, 2, 101.33
1742937620, 0, 0, 195, 195, 1, 0.49%, 7, 0, 2, 114.67
1742937630, 0, 0, 196, 196, 1, 0.49%, 7, 0, 2, 115.39
1742937645, 0, 63, 196, 195, 11, 0.49%, 7, 0, 2, 111.77
