 (1,109) (1,150) (1,191) (1,191) (1,206) (1,206) (1,211) (1,211) (1,219)
! (1,60) (1,179) (1,206)
18h (1,195)
? (1,41) (1,66) (1,99) (1,133) (1,165) (1,196)
Avec (1,171)
Bonjour (1,10)
Et (1,62) (1,116)
Je (1,45)
Moi (1,71)
On (1,181)
Oui (1,138)
Parfait (1,205)
Que (1,86)
Rien (1,105)
Tu (1,155)
as (1,124)
au (1,147)
aujourd'hui (1,40)
aussi (1,76)
bien (1,53)
ce (1,94)
cial (1,113)
cin (1,150)
comment (1,24)
de (1,107)
des (1,127)
dit (1,14)
fais (1,90)
il (1,16)
je (1,141)
l'heure (1,219)
ma (1,152)
merci (1,59) (1,82)
plaisir (1,178)
plans (1,132)
retrouve (1,191)
se (1,183)
soir (1,98)
sp (1,109)
toi (1,65) (1,119)
tout (1,211)
tu (1,29) (1,92) (1,122)
vais (1,49) (1,145)
vas (1,27)
venir (1,164)
veux (1,159)
